[gd_scene load_steps=9 format=2]

[ext_resource path="res://Resource/ResourceNode.tscn" type="PackedScene" id=1]
[ext_resource path="res://Textures/UI-Icon-Resource-A.png" type="Texture" id=2]
[ext_resource path="res://Mesh/Structure-Mine-A.glb" type="PackedScene" id=3]
[ext_resource path="res://Mesh/Structure-WaterMill-A.glb" type="PackedScene" id=4]
[ext_resource path="res://Mesh/Structure-MineEquipment-A.glb" type="PackedScene" id=5]
[ext_resource path="res://Mesh/Structure-MineEquipment-C.glb" type="PackedScene" id=6]
[ext_resource path="res://Props/RayCastToGround.tscn" type="PackedScene" id=7]

[sub_resource type="SphereShape" id=1]
radius = 25.0

[node name="IronMine" index="0" instance=ExtResource( 1 )]

[node name="StrategicIcon" parent="." index="2"]
texture = ExtResource( 2 )

[node name="StaticBody" type="StaticBody" parent="." index="3"]
editor/display_folded = true

[node name="CollisionShape" type="CollisionShape" parent="StaticBody" index="0"]
transform = Transform( 1, 0, 0, 0, 1, 0, 0, 0, 1, 2.62752, 2.27877, 0 )
shape = SubResource( 1 )

[node name="Spatial" type="Spatial" parent="." index="4"]
editor/display_folded = true

[node name="Structure-Mine-A" parent="Spatial" index="0" instance=ExtResource( 3 )]
transform = Transform( 0.908698, 0, -0.417454, 0, 1, 0, 0.417454, 0, 0.908698, 8.95841, 0, -7.10402 )

[node name="Structure-WaterMill-A" parent="Spatial" index="1" instance=ExtResource( 4 )]
transform = Transform( 0.994786, 0, 0.101988, 0, 1, 0, -0.101988, 0, 0.994786, -6.1981, 0, 0 )

[node name="Structure-MineEquipment-A" parent="Spatial" index="2" instance=ExtResource( 5 )]
transform = Transform( 0.577418, 0, -0.816449, 0, 1, 0, 0.816449, 0, 0.577418, 17.1596, 0, 11.2608 )

[node name="Structure-MineEquipment-C" parent="Spatial" index="3" instance=ExtResource( 6 )]
transform = Transform( 0.113089, 0, 0.993585, 0, 1, 0, -0.993585, 0, 0.113089, 0, 0, -17.486 )

[node name="RayCastToGround" parent="." index="5" instance=ExtResource( 7 )]
